"","A-B"
"spread_y",-0.507422156041147
"EV_y",-0.00542934719046845
"SD_y",0.010699862285927
