"","A-B"
"spread_y",0.539862320987381
"EV_y",0.00510974485772389
"SD_y",0.00946490365984133
