"","A-B"
"spread_y",0.0101884458739448
"EV_y",0.00300504308240634
"SD_y",0.0124071781676666
