"","V1","V2","V3","V4","V5","V6","V7"
"1",NA,NA,NA,NA,NA,NA,NA
"2",-2840.62642429063,NA,NA,NA,NA,NA,NA
"3",NA,NA,NA,NA,NA,NA,NA
